link flow:
[ 4685.83  8296.95  4709.05  6019.78  8273.73 14413.44 10572.02 14457.61
 18384.44  5718.5  18392.74  8487.36 16196.42  6043.    8464.   12339.04
 12145.52 15615.98 12338.9  12351.52  7101.12  8279.67 16228.08  7200.02
 21794.64 21825.2  17547.4  23209.94 11028.74  8152.87  5654.37 17776.73
  8406.51  9835.79 10504.62  8462.85 12959.55 12848.49 11080.91  9844.65
  9017.6   8347.18 23091.13  9086.65 19050.36 18209.13  8386.63 11070.9
 11525.78 15323.33  8130.75 11513.67 10020.01 15409.98 15484.57 19060.16
 18971.5   9985.78  8805.46 19115.4   8692.36  6353.79  7059.96  6300.64
  8753.11 10160.28 18338.23  7155.25  8728.59  9477.26  8286.99  9677.13
  7856.86 11069.86 10131.65  7996.55]
link time:
[ 6.    4.01  6.    6.63  4.01  4.3   4.02  4.31  2.34  7.66  2.34  9.19
 10.16  6.65  9.14 14.08  5.59  2.06 14.08  5.77 15.86 10.44 10.2  16.2
  5.71  5.72 12.11 13.84 19.98 16.53  7.58 12.49 13.74 13.93  4.02 13.95
  3.03  3.03 17.46 13.97 12.17  8.95 13.68 12.4   4.32  8.83 10.72 20.22
  9.08  3.17 16.43  9.05  7.58  2.06  3.17  4.26  4.3   7.51  9.76  4.27
  9.47  8.24  7.81  8.16  4.35 11.42  8.99  7.96  4.33 11.74  8.81 12.42
  3.72 17.41 11.32  3.84]